152.451
141.27
135.504
132.953
137.095
135.081
136.905
137.487
145.247
158.239
159.646
166.419
164.493
165.773
163.181
156.242
149.575
151.683
150.824
143.532
143.511
147.163
148.461
144.248
145.867
145.597
135.211
128.371
126.762
124.421
128.264
135.278
137.004
135.21
141.944
148.667
153.695
162.532
158.297
166.696
171.006
175.412
171.051
167.441
165.336
173.997
176.348
175.415
166.15
167.4
166.934
164.362
165.309
161.005
164.016
166.788
166.227
176.763
178.602
190.95
196.094
209.085
218.088
233.923
246.939
255.566
256.092
272.591
275.485
280.446
285.609
292.752
291.187
301.799
313.084
318.202
362.402
471.43
531.536
554.1
541.912
520.914
520.352
535.12
590.817
512.753
380.341
340.553
308.637
288.745
285.264
278.858
349.879
403.415
442.949
486.931
484.572
517.098
550.444
674.328
782.317
473.463
355.807
292.121
258.12
