0.00530251
0.00514172
10.4385
17.1363
6.77908
0.0043503
0.00745256
0.0127573
11.8755
16.5316
9.68426
0.00445358
0.00899673
0.0291889
12.6931
16.4283
8.77497
0.00438179
0.00809653
0.0141309
11.176
16.869
8.85558
0.004363
0.00801983
0.01363
10.825
16.2346
5.47201
0.00432415
0.00719573
0.0124519
10.704
17.2021
7.48241
0.00436026
0.00832103
0.0188748
12.2601
16.2941
12.2033
0.973358
0.00966594
0.0197931
11.8664
15.8616
12.3666
1.48766
0.00440162
0.00905962
12.7106
16.0605
11.4578
0.328926
0.00881903
0.0227597
12.1931
15.8004
12.9352
1.74106
0.00465584
0.0136283
12.5915
14.3598
14.1732
4.96438
0.00596868
0.358963
12.1371
13.666
13.6113
5.42513
0.00767208
2.2469
2.30136
0.00908648
3.55498
7.19245
6.86311
2.96592
0.00668492
10.3248
12.8272
10.6949
3.37553
0.00712039
5.38927
6.62516
0.969894
2.19164
1.12508
0.00671709
3.2404
7.2122
7.22612
2.72439
0.00562149
10.1418
13.4503
13.0159
7.8952
1.47371
0.00423114
2.32706
1.02915
