367.104
333.8
-1323.95
-2099.5
-1737.31
-101.606
82.8313
334.295
-1457.65
-2400
-2978.38
-94.5525
124.881
415.069
-1696.7
-2425.75
-2423.78
-97.8713
100.763
349.755
-1431.55
-2252.75
-2399.74
-99.5437
96.4575
357.211
-1338.9
-2070
-1339.02
-104.002
66.9175
326.258
-1330.45
-2125.5
-1963.68
-98.55
103.581
406.143
-1610.05
-2484
-3055.75
-600.774
136.993
420.541
-1675.95
-2672.75
-3020.75
-753.974
-94.6163
186.69
-1718
-2566.5
-3021.25
-374.622
118.066
418.503
-1685.9
-2694.25
-3042.5
-855.469
-87.8775
252.934
-2332.98
-3534.5
-3767.25
-2121.86
-74.3775
-168.034
-3204.3
-4274.75
-4324.75
-2773.18
-66.4838
-1369.01
-1680.21
-60.405
-1881.8
-4029.51
-4009.96
-2460.78
-10.0725
-5634.21
-8163.25
-8314
-3700.01
-16.62
-3596.18
-3056.67
-1082.47
-1501.3
-966.185
-69.2625
-1492.82
-3124.69
-3365.49
-1946.69
-22.9725
-5555.93
-8321.25
-9723.75
-12037.5
-1261.51
-51.9375
-1542.7
-789.399
